#+title Notes
#+author Nicholas J Meyer

#+startup: showeverything

* TODO Debugging
** DONE Rank Agent
   CLOSED: [2015-02-15 Sun 23:46]
   - [X] Default parameters
   - [X] Toy Features 2
     - [X] Individual features
     - [X] Rankings
     - [X] Feature logic
       - [X] Pre computing
       - [X] Get features
       - [X] Update features
   - [X] Treatment allocation
     - [X] Number of chunks
   - [X] Add debugging code
** TODO M1 Optim 
   - [ ] Default parameters
   - [ ] New system with postulated model
   - [ ] Runner
   - [ ] Updating agent parameters
** TODO M2 Optim
   - [ ] Default parameters
   - [ ] New system with postulated model
   - [ ] Features Int
     - [ ] Toy Features 2
     - [ ] Transfer into feature wrapper
   - [ ] Penalty
   - [ ] R
   - [ ] D0
   - [ ] D1
   - [ ] Beta
   - [ ] Bellman Residual
   - [ ] Optimization routine
   - [ ] Updating agent parameters




* TODO Simulations
** DONE Check feature correlations
   CLOSED: [2015-02-16 Mon 12:36]
   - [X] Check sample correlations for a simulated run
     - The sample correlations are pretty high
#+name: Infected average feature correlations
| 1.0000 | 0.8296 | 0.9183 | 0.5787 |
| 0.8296 | 1.0000 | 0.8423 | 0.3936 |
| 0.9183 | 0.8423 | 1.0000 | 0.3932 |
| 0.5787 | 0.3936 | 0.3932 | 1.0000 |
   
#+name: Not Infected average feature correlations
| 1.0000 | 0.7429 | 0.9852 | 0.5560 |
| 0.7429 | 1.0000 | 0.7205 | 0.2056 |
| 0.9852 | 0.7205 | 1.0000 | 0.5653 |
| 0.5560 | 0.2056 | 0.5653 | 1.0000 |

** TODO Check SGD
   - [ ] Make sure SGD is still improving the policy
     - Run for scale-free and grid
** TODO Create tuning file
   - [ ] Tune the intercept to be 0.7 for no treatment
   - [ ] Tune the treatment effect sizes to be 0.5 for myopic

 
